10 5 20
1 0 20
187 276 13 8

Coordinates
1       8.3539      -1.6461
2       8.2195       -2.206
3       8.1523       -1.019
4       7.4007      -1.7484
5       7.4552      -1.0344
6        7.508      -2.3835
7       7.8388       -2.654
8       7.7716      -0.6159
9       7.5028      -2.8108
10       6.9521      -2.1702
11        7.234     -0.50392
12       6.8033      -1.1772
13       7.0996       -2.747
14       6.5637      -1.6113
15       7.3012      -3.1019
16       6.6965      -0.6159
17       6.4208      -0.8546
18       6.2827      -1.1986
19       6.2545      -2.1239
20       6.8981      -3.2811
21       6.0676      -1.5551
22       6.4975      -3.0442
23       6.0875     -0.91137
24       6.1814      -0.6159
25       5.8829       -1.163
26       5.9574     -0.70549
27       6.5621       -3.505
28       5.8455     -0.88466
29       5.5715       -1.499
30       5.4863      -2.1738
31       5.4423     -0.92945
32       5.8903      -3.6842
33       5.1176      -1.6022
34        4.972       -1.131
35       4.9333      -2.8412
36       4.6935      -2.0083
37       4.6585      -1.4222
38       5.0616      -3.6618
39        4.088       -2.595
40       3.9735      -2.0472
41       4.0985      -3.4602
42       3.4938      -1.3326
43       2.9339      -2.8779
44       2.4636      0.14558
45       2.5084      0.41433
46       2.1724     -0.97424
47       2.0605     -0.23516
48        2.137       0.3007
49       2.2396      0.81747
50       1.7245      -2.0045
51       1.7323     0.062906
52       1.8172      0.59905
53       1.3886     -0.57111
54       1.9037       1.3326
55       1.1198      -1.3774
56        1.075      -2.4076
57       1.9485       1.9821
58       1.0078      -3.1019
59       1.0302      0.30426
60        1.315       1.1857
61       1.9709        2.766
62      0.38835      -1.9544
63      0.32039       -2.685
64      0.10564      -1.1786
65       1.1456       2.3973
66      0.58231      -4.6473
67      0.42424      0.93286
68       1.8365       3.5946
69      0.21363      -3.6362
70       -0.496     -0.38388
71     -0.67913      -2.1235
72     -0.22368       -4.633
73      0.15677      -5.5879
74       1.4782       4.4681
75     -0.76826      -3.0444
76       0.5855       3.5185
77     -0.36986       1.6922
78      -1.0974     -0.88466
79      -1.0186      0.27663
80     -0.92985      -4.0971
81     -0.47621      -5.6027
82      -1.2783      -0.4061
83       0.4994       4.4114
84      -1.5789      -2.2965
85       -1.238       1.0509
86     -0.51512       -6.327
87      -1.0226      -5.2378
88      0.89586       5.2968
89      -1.7142    -0.043907
90      -1.8813      -1.3774
91      -1.8365     -0.50392
92      -1.7968      -3.4895
93       -1.449       1.6714
94      -1.0535      -6.0418
95      -1.8092      0.50988
96      -0.6997       3.6108
97     -0.94065      -6.6405
98      -2.1501     -0.23516
99       -1.856      -4.7695
100      -2.0207       1.1309
101       0.1234       5.3056
102     -0.61234       4.4065
103      -1.6754      -5.7082
104       -2.486      -1.9597
105      -1.7522       2.5648
106      -2.3984      0.71583
107      -2.5084      0.19037
108      -1.4558      -6.7749
109      -2.2316       1.7522
110      -1.7693      -6.2615
111      0.17917       5.9687
112      -2.7772      -2.7883
113       -2.801     -0.41968
114       -1.224       4.2157
115      -2.6876      0.48152
116       -2.565       1.1872
117     -0.74587       5.0989
118      -2.1724      -5.9687
119      -2.7995      0.79507
120     -0.28934       5.8275
121      -3.0907      -1.2206
122      -1.9485      -6.6629
123      -2.9563      -3.8186
124      -1.2094       4.7816
125      -2.5084      -5.5431
126      -2.1949      -6.3718
127      -2.8443      -4.6473
128      -1.8344       3.9297
129     -0.81486       5.5896
130      -3.3371      -0.5935
131      -1.6573       4.5801
132      -3.1277       1.0588
133      -1.1646       5.3639
134      -3.2251      0.75028
135      -2.6091       3.0183
136     -0.82275       5.9795
137      -3.1891       1.4476
138      -0.6047       6.3494
139      -3.4043      0.90705
140      -3.1207       2.0287
141      -1.2094       5.7223
142      -1.1061       6.1366
143      -3.5834       1.2654
144      -2.4412       4.2665
145      -3.9866      -2.0493
146      -1.3214       6.0806
147      -1.0974        6.439
148      -3.6506       1.7805
149      -1.2766       6.3494
150      -3.0011       3.7514
151      -4.2777       -1.131
152      -3.6282       2.4076
153      -3.4266       3.1691
154      -4.4342      -1.6501
155      -4.9207      -1.3226
156      -4.9988       -1.809
157       -4.972      -2.6092
158      -5.2184      -1.1086
159      -5.2408     -0.66069
160      -5.3304      -1.4446
161      -5.6233      -1.1603
162      -5.6887     -0.19037
163       -5.784      -1.6189
164      -6.0779     -0.82648
165       -6.159      -2.8779
166      -6.1691     -0.39529
167       -6.159     -0.10078
168       -6.256      -1.1213
169       -6.383     -0.23516
170      -6.5371     -0.62364
171      -6.6734      -1.5263
172      -6.8493      -1.0302
173      -6.9205     -0.16797
174      -7.0493     -0.60773
175      -7.2426      -1.3903
176      -7.2564     -0.39194
177      -7.3374     -0.91171
178       -7.346      -2.6764
179      -7.4381      -0.5892
180       -7.458     -0.34714
181      -7.5881      -1.9636
182      -7.6379      -1.2961
183      -7.6764     -0.83712
184      -7.7939     -0.45913
185      -8.1523      -2.0045
186      -8.1747     -0.92945
187      -8.2867       -1.467
EndCoordinates

Elements
1 176 180 179
2 26 28 23
3 147 149 142
4 142 149 146
5 139 134 132
6 24 26 23
7 179 180 184
8 176 179 174
9 23 28 25
10 167 169 166
11 142 146 141
12 44 45 48
13 132 134 119
14 139 132 143
15 147 142 138
16 138 142 136
17 174 179 177
18 176 174 173
19 25 28 31
20 23 25 18
21 166 169 170
22 167 166 162
23 24 23 17
24 48 45 49
25 44 48 47
26 119 115 106
27 136 142 141
28 177 179 183
29 174 177 172
30 17 23 18
31 24 17 16
32 115 107 106
33 18 25 21
34 160 158 161
35 15 9 13
36 141 133 129
37 170 169 173
38 166 170 164
39 9 7 6
40 17 18 12
41 16 17 12
42 126 122 110
43 119 106 116
44 118 126 110
45 27 20 22
46 183 179 184
47 183 184 186
48 177 183 182
49 172 177 175
50 174 172 170
51 160 161 163
52 15 13 20
53 161 158 159
54 13 9 6
55 98 91 89
56 132 119 116
57 129 133 117
58 141 129 136
59 136 129 120
60 21 25 29
61 18 21 14
62 138 136 120
63 155 160 156
64 34 37 33
65 6 7 2
66 164 170 168
67 166 164 162
68 110 122 108
69 183 186 182
70 116 106 100
71 12 18 14
72 12 14 4
73 22 20 13
74 27 22 32
75 89 91 82
76 98 89 107
77 163 161 168
78 160 163 156
79 177 182 175
80 175 182 181
81 172 175 171
82 124 131 114
83 48 49 52
84 52 49 54
85 48 52 51
86 155 156 154
87 117 133 124
88 129 117 120
89 33 37 36
90 34 33 29
91 29 33 30
92 118 110 103
93 143 132 137
94 137 132 116
95 143 137 148
96 29 25 31
97 21 29 30
98 14 21 19
99 31 34 29
100 168 170 172
101 168 172 171
102 168 171 163
103 164 168 161
104 173 174 170
105 108 97 110
106 97 86 94
107 125 118 103
108 51 52 59
109 48 51 47
110 47 51 53
111 13 6 10
112 100 106 95
113 116 100 109
114 186 187 182
115 8 11 5
116 11 16 5
117 187 185 182
118 3 8 5
119 98 107 113
120 117 124 102
121 103 110 94
122 164 161 159
123 82 91 78
124 82 78 70
125 89 82 79
126 114 131 128
127 124 114 102
128 2 1 4
129 106 107 95
130 16 12 5
131 148 137 140
132 171 175 181
133 140 137 109
134 148 140 152
135 154 156 157
136 155 154 151
137 151 154 145
138 36 37 40
139 33 36 30
140 10 6 4
141 10 4 14
142 13 10 22
143 19 21 30
144 14 19 10
145 145 154 157
146 138 120 111
147 111 120 101
148 94 86 81
149 97 94 110
150 102 114 96
151 5 12 4
152 5 4 1
153 152 135 153
154 59 52 60
155 51 59 53
156 159 162 164
157 54 57 60
158 54 60 52
159 100 95 85
160 109 100 93
161 116 109 137
162 1 3 5
163 181 182 185
164 181 185 178
165 101 120 117
166 111 101 88
167 128 131 144
168 114 128 96
169 113 107 130
170 113 130 121
171 121 130 151
172 98 113 121
173 79 82 70
174 89 79 95
175 89 95 107
176 58 56 63
177 128 144 150
178 10 19 22
179 117 102 101
180 103 94 87
181 40 37 42
182 40 42 43
183 36 40 39
184 150 153 135
185 81 86 73
186 81 73 72
187 94 81 87
188 87 81 72
189 6 2 4
190 181 178 171
191 95 79 85
192 19 30 22
193 59 60 67
194 88 101 83
195 57 61 65
196 70 78 64
197 100 85 93
198 93 85 77
199 109 93 105
200 157 156 163
201 102 96 83
202 63 56 62
203 58 63 69
204 103 87 99
205 30 36 35
206 85 79 67
207 123 127 99
208 38 32 35
209 135 152 140
210 150 135 128
211 38 35 41
212 90 104 84
213 61 68 65
214 39 40 43
215 36 39 35
216 125 103 99
217 55 50 46
218 30 35 22
219 104 112 84
220 79 70 67
221 46 53 55
222 55 53 64
223 32 22 35
224 35 39 41
225 41 39 43
226 163 171 165
227 57 65 60
228 78 90 84
229 67 60 65
230 59 67 70
231 68 74 83
232 140 109 135
233 105 93 77
234 109 105 135
235 127 125 99
236 99 87 80
237 62 56 55
238 62 55 64
239 63 62 71
240 69 63 75
241 58 69 66
242 151 145 121
243 64 78 71
244 64 71 62
245 64 53 70
246 135 105 128
247 83 101 102
248 88 83 74
249 72 73 66
250 72 66 69
251 87 72 80
252 80 72 69
253 53 59 70
254 112 123 92
255 77 85 67
256 77 67 65
257 46 50 42
258 99 80 92
259 92 75 84
260 63 71 75
261 75 92 80
262 75 80 69
263 96 128 105
264 178 165 171
265 92 123 99
266 112 92 84
267 165 157 163
268 84 75 71
269 84 71 78
270 65 68 76
271 76 68 83
272 76 83 96
273 65 76 77
274 76 96 77
275 96 105 77
276 50 43 42
EndElements

Dirichlet
68
74
88
111
124
131
133
138
141
144
146
147
149
EndDirichlet

Neumann
73
86
97
108
118
122
125
126
EndNeumann
